   2.7483422e-02
   1.3239709e-02
   1.3234447e-02
   1.3234447e-02
   1.3234447e-02
   3.6020373e-03
   3.5973826e-03
   3.5973826e-03
   3.5973826e-03
   2.3188720e-02
   2.3165042e-02
   2.3161277e-02
   2.3133028e-02
   9.5397859e-03
   9.6259207e-03
   1.8391564e-02
   9.6186259e-03
   1.8350711e-02
   9.5285046e-03
   9.5285039e-03
   1.8369214e-02
   9.6259209e-03
   9.5285039e-03
   1.8369213e-02
   9.6259209e-03
   8.9674298e-04
   8.9388818e-04
   8.9388818e-04
   8.9388818e-04
   2.7171150e-02
   2.7710282e-02
   2.7694860e-02
   2.8243769e-02
   5.0574442e-03
   5.2711503e-03
   1.3021973e-02
   8.3002950e-03
   1.7730999e-02
   1.9170996e-02
   1.2968234e-02
   1.8007395e-02
   5.0575511e-03
   5.2711562e-03
   8.3536955e-03
   1.2600328e-02
   1.7662051e-02
   1.9215963e-02
   1.3299915e-02
   1.8072232e-02
   5.0575511e-03
   5.2711503e-03
   8.3536955e-03
   1.2600328e-02
   1.7662122e-02
   1.9216265e-02
   1.3299915e-02
   1.8072232e-02
   5.0575511e-03
   5.2711503e-03
   8.3536955e-03
   1.2600328e-02
   1.7662122e-02
   1.9216522e-02
   1.3299915e-02
   1.8072286e-02
   3.0212337e-03
   4.4578359e-03
   7.2482596e-03
   3.0873561e-03
   7.3905900e-03
   4.4674722e-03
   4.4690768e-03
   3.0088594e-03
   7.2506759e-03
   3.0845669e-03
   7.3873447e-03
   4.4513765e-03
   4.4690768e-03
   3.0088594e-03
   7.2506759e-03
   3.0845669e-03
   7.3873447e-03
   4.4513765e-03
   4.4690768e-03
   3.0088594e-03
   7.2506759e-03
   3.0845669e-03
   7.3873447e-03
   4.4513765e-03
   2.2853238e-02
   2.5628397e-02
   2.3522288e-02
   2.6232380e-02
   2.2921698e-02
   2.3511569e-02
   2.6849567e-02
   2.2831416e-02
   2.3522556e-02
   2.6240881e-02
   2.2831688e-02
   2.3505823e-02
   1.0834936e-02
   1.5939562e-02
   1.5689547e-02
   1.0834996e-02
   1.5676758e-02
   1.5925474e-02
   1.0834967e-02
   1.5925371e-02
   1.5689716e-02
   1.0834967e-02
   1.5925371e-02
   1.5689716e-02
   4.0007020e-04
   3.9009910e-04
   3.9009910e-04
   3.9009910e-04
   3.4320017e-02
   3.4044617e-02
   3.4002428e-02
   3.3695203e-02
   3.5489665e-03
   3.5755159e-03
   1.6723735e-02
   1.3797019e-02
   2.7568303e-02
   2.1201245e-02
   1.6795212e-02
   2.6165565e-02
   3.5489665e-03
   3.5755159e-03
   1.4051296e-02
   1.6536592e-02
   2.7542375e-02
   2.1140261e-02
   1.6769234e-02
   2.6158181e-02
   3.5489665e-03
   3.5755159e-03
   1.4051296e-02
   1.6536592e-02
   2.7542375e-02
   2.1140261e-02
   1.6769234e-02
   2.6158181e-02
   3.5489665e-03
   3.5755159e-03
   1.4051296e-02
   1.6536592e-02
   2.7542375e-02
   2.1140261e-02
   1.6769234e-02
   2.6158181e-02
   2.2819445e-03
   2.7959507e-03
   4.6839760e-03
   2.9519764e-03
   9.9463526e-03
   7.9655396e-03
   4.7393530e-03
   9.5471354e-03
   2.7762997e-03
   2.2976188e-03
   2.7749123e-03
   2.2896557e-03
   3.0168627e-03
   4.6579778e-03
   9.9757770e-03
   7.9541980e-03
   4.7290916e-03
   9.5355473e-03
   2.2982482e-03
   2.7971987e-03
   2.7749123e-03
   2.2896557e-03
   3.0168627e-03
   4.6579778e-03
   9.9757770e-03
   7.9541980e-03
   4.7290916e-03
   9.5355473e-03
   2.2982482e-03
   2.7971987e-03
   2.7749123e-03
   2.2896557e-03
   3.0168627e-03
   4.6579778e-03
   9.9757770e-03
   7.9541980e-03
   4.7290916e-03
   9.5355473e-03
   2.2982482e-03
   2.7971987e-03
   2.6829011e-02
   2.8309844e-02
   4.2458541e-02
   3.2221150e-02
   2.8713831e-02
   4.0134864e-02
   2.8634212e-02
   2.6432328e-02
   4.2273348e-02
   3.2224860e-02
   2.8766995e-02
   4.0268235e-02
   2.6828410e-02
   2.8293589e-02
   4.2515517e-02
   3.2258186e-02
   2.8712102e-02
   4.0153963e-02
   2.6828136e-02
   2.8292071e-02
   4.2526768e-02
   3.2287140e-02
   2.8697244e-02
   4.0210728e-02
   9.5886696e-03
   8.6551974e-03
   1.4635393e-02
   1.4454620e-02
   1.6541058e-02
   1.6019168e-02
   8.7645366e-03
   9.4386489e-03
   1.4559054e-02
   1.4393842e-02
   1.7634688e-02
   1.3830726e-02
   3.4509904e-02
   2.6420986e-02
   3.4385772e-02
   2.6455583e-02
   2.1420636e-02
   2.1215612e-02
   8.7653749e-03
   9.4386422e-03
   1.4595616e-02
   1.4427370e-02
   1.7634702e-02
   1.3833189e-02
   3.4547298e-02
   2.6497412e-02
   3.4363500e-02
   2.6468177e-02
   2.1405584e-02
   2.1203032e-02
   9.5884729e-03
   8.6484808e-03
   1.4655165e-02
   1.4496820e-02
   1.6540872e-02
   1.6021386e-02
   9.5884729e-03
   8.6484808e-03
   1.4655165e-02
   1.4496820e-02
   1.6540876e-02
   1.6021388e-02
   3.4547638e-02
   2.6495615e-02
   3.4385331e-02
   2.6459481e-02
   2.1420013e-02
   2.1203728e-02
   8.7645366e-03
   9.4386489e-03
   1.4559054e-02
   1.4393842e-02
   1.7634687e-02
   1.3830726e-02
   9.5884729e-03
   8.6484808e-03
   1.4655165e-02
   1.4496820e-02
   1.6540876e-02
   1.6021388e-02
   3.4547638e-02
   2.6495607e-02
   3.4385331e-02
   2.6459499e-02
   2.1420013e-02
   2.1203728e-02
   8.7645366e-03
   9.4386489e-03
   1.4559054e-02
   1.4393842e-02
   1.7634687e-02
   1.3830726e-02
   1.0430877e-03
   1.6768084e-03
   3.4556544e-03
   1.0520608e-03
   3.2694462e-03
   1.8047523e-03
   1.6872362e-03
   1.0233512e-03
   3.4548271e-03
   1.0366036e-03
   3.2452989e-03
   1.7996652e-03
   1.6872362e-03
   1.0233512e-03
   3.4548271e-03
   1.0366036e-03
   3.2452989e-03
   1.7996652e-03
   1.6872362e-03
   1.0233512e-03
   3.4548271e-03
   1.0366036e-03
   3.2452989e-03
   1.7996652e-03
   3.2961045e-02
   4.4117342e-02
   3.3436619e-02
   4.0797336e-02
   3.4227269e-02
   3.3839827e-02
   3.7791140e-02
   3.4537423e-02
   3.3579662e-02
   4.1230449e-02
   3.4707680e-02
   3.5191913e-02
   3.1613180e-03
   3.3932528e-03
   8.3313865e-03
   8.6231372e-03
   1.0742366e-02
   3.4270965e-03
   3.1229648e-03
   8.3245848e-03
   9.2526547e-03
   1.2612597e-02
   1.7664785e-02
   2.2836968e-02
   1.7933334e-02
   1.0845142e-02
   1.0541539e-02
   1.6607628e-02
   2.3617723e-02
   2.5354553e-02
   1.9153084e-02
   3.5104801e-02
   2.3975803e-02
   3.2131195e-02
   1.3271274e-02
   2.4620210e-02
   1.8074711e-02
   2.6661177e-02
   1.8992446e-02
   3.1613236e-03
   3.3932553e-03
   8.3308172e-03
   8.6231373e-03
   1.0742366e-02
   3.4270964e-03
   3.1229689e-03
   8.3245449e-03
   9.2526547e-03
   1.0333477e-02
   1.7598383e-02
   1.0492103e-02
   1.6528273e-02
   1.3112626e-02
   2.4553684e-02
   1.7897420e-02
   2.5431980e-02
   2.3487609e-02
   1.8973002e-02
   3.5100771e-02
   2.3881443e-02
   3.1987784e-02
   1.3265635e-02
   2.2917242e-02
   1.8142569e-02
   2.6665313e-02
   1.9180709e-02
   3.1613236e-03
   3.3932553e-03
   8.3308172e-03
   8.6231373e-03
   1.0742366e-02
   3.4270965e-03
   3.1229648e-03
   8.3245848e-03
   9.2526547e-03
   1.0333477e-02
   1.7598383e-02
   1.0492103e-02
   1.6528273e-02
   1.3112626e-02
   2.4553684e-02
   1.7897420e-02
   2.5431999e-02
   2.3487615e-02
   1.8973008e-02
   3.5099287e-02
   2.3881446e-02
   3.1987664e-02
   1.3265635e-02
   2.2917242e-02
   1.8142569e-02
   2.6665311e-02
   1.9180709e-02
   3.1613236e-03
   3.3932553e-03
   8.3308172e-03
   8.6231373e-03
   1.0742366e-02
   3.4270965e-03
   3.1229648e-03
   8.3245848e-03
   9.2526547e-03
   1.0333477e-02
   1.7598383e-02
   1.0492103e-02
   1.6528273e-02
   1.3112626e-02
   2.4553684e-02
   1.7897420e-02
   2.5431999e-02
   2.3487615e-02
   1.8973008e-02
   3.5099306e-02
   2.3881452e-02
   3.1986163e-02
   1.3265635e-02
   2.2917242e-02
   1.8142569e-02
   2.6665345e-02
   1.9180714e-02
   6.1339942e-03
   5.8292792e-03
   7.1800041e-03
   6.1549159e-03
   5.9222658e-03
   7.1615896e-03
   6.1254613e-03
   7.1367814e-03
   5.8502075e-03
   6.1685382e-03
   5.9224454e-03
   7.1940129e-03
   6.1254613e-03
   7.1367814e-03
   5.8502075e-03
   6.1685382e-03
   5.9224454e-03
   7.1940129e-03
   6.1254613e-03
   7.1367814e-03
   5.8502075e-03
   6.1685382e-03
   5.9224454e-03
   7.1940129e-03
   3.6558640e-02
   2.8255293e-02
   2.8136225e-02
   3.6703734e-02
   2.8535028e-02
   2.8315578e-02
   3.6807942e-02
   2.8626266e-02
   2.8593769e-02
   3.6703857e-02
   2.8535910e-02
   2.8314423e-02
   1.6560304e-02
   1.4354933e-02
   2.3720140e-02
   1.6559769e-02
   1.4354520e-02
   2.3718261e-02
   1.6560269e-02
   1.4354554e-02
   2.3719069e-02
   1.6560269e-02
   1.4354554e-02
   2.3719069e-02
