0
0.0122718463030851
0.0245436926061703
0.0368155389092554
0.0490873852123405
0.0613592315154257
0.0736310778185108
0.0859029241215959
0.0981747704246810
0.110446616727766
0.122718463030851
0.134990309333936
0.147262155637022
0.159534001940107
0.171805848243192
0.184077694546277
0.196349540849362
0.208621387152447
0.220893233455532
0.233165079758617
0.245436926061703
0.257708772364788
0.269980618667873
0.282252464970958
0.294524311274043
0.306796157577128
0.319068003880213
0.331339850183299
0.343611696486384
0.355883542789469
0.368155389092554
0.380427235395639
0.392699081698724
0.404970928001809
0.417242774304894
0.429514620607980
0.441786466911065
0.454058313214150
0.466330159517235
0.478602005820320
0.490873852123405
0.503145698426490
0.515417544729576
0.527689391032661
0.539961237335746
0.552233083638831
0.564504929941916
0.576776776245001
0.589048622548086
0.601320468851171
0.613592315154257
0.625864161457342
0.638136007760427
0.650407854063512
0.662679700366597
0.674951546669682
0.687223392972767
0.699495239275852
0.711767085578938
0.724038931882023
0.736310778185108
0.748582624488193
0.760854470791278
0.773126317094363
0.785398163397448
0.797670009700533
0.809941856003619
0.822213702306704
0.834485548609789
0.846757394912874
0.859029241215959
0.871301087519044
0.883572933822129
0.895844780125214
0.908116626428300
0.920388472731385
0.932660319034470
0.944932165337555
0.957204011640640
0.969475857943725
0.981747704246810
0.994019550549895
1.00629139685298
1.01856324315607
1.03083508945915
1.04310693576224
1.05537878206532
1.06765062836841
1.07992247467149
1.09219432097458
1.10446616727766
1.11673801358075
1.12900985988383
1.14128170618692
1.15355355249000
1.16582539879309
1.17809724509617
1.19036909139926
1.20264093770234
1.21491278400543
1.22718463030851
1.23945647661160
1.25172832291468
1.26400016921777
1.27627201552085
1.28854386182394
1.30081570812702
1.31308755443011
1.32535940073319
1.33763124703628
1.34990309333936
1.36217493964245
1.37444678594553
1.38671863224862
1.39899047855170
1.41126232485479
1.42353417115788
1.43580601746096
1.44807786376405
1.46034971006713
1.47262155637022
1.48489340267330
1.49716524897639
1.50943709527947
1.52170894158256
1.53398078788564
1.54625263418873
1.55852448049181
1.57079632679490
1.58306817309798
1.59534001940107
1.60761186570415
1.61988371200724
1.63215555831032
1.64442740461341
1.65669925091649
1.66897109721958
1.68124294352266
1.69351478982575
1.70578663612883
1.71805848243192
1.73033032873500
1.74260217503809
1.75487402134117
1.76714586764426
1.77941771394734
1.79168956025043
1.80396140655351
1.81623325285660
1.82850509915968
1.84077694546277
1.85304879176585
1.86532063806894
1.87759248437202
1.88986433067511
1.90213617697820
1.91440802328128
1.92667986958437
1.93895171588745
1.95122356219054
1.96349540849362
1.97576725479671
1.98803910109979
2.00031094740288
2.01258279370596
2.02485464000905
2.03712648631213
2.04939833261522
2.06167017891830
2.07394202522139
2.08621387152447
2.09848571782756
2.11075756413064
2.12302941043373
2.13530125673681
2.14757310303990
2.15984494934298
2.17211679564607
2.18438864194915
2.19666048825224
2.20893233455532
2.22120418085841
2.23347602716149
2.24574787346458
2.25801971976766
2.27029156607075
2.28256341237383
2.29483525867692
2.30710710498000
2.31937895128309
2.33165079758617
2.34392264388926
2.35619449019235
2.36846633649543
2.38073818279852
2.39301002910160
2.40528187540469
2.41755372170777
2.42982556801086
2.44209741431394
2.45436926061703
2.46664110692011
2.47891295322320
2.49118479952628
2.50345664582937
2.51572849213245
2.52800033843554
2.54027218473862
2.55254403104171
2.56481587734479
2.57708772364788
2.58935956995096
2.60163141625405
2.61390326255713
2.62617510886022
2.63844695516330
2.65071880146639
2.66299064776947
2.67526249407256
2.68753434037564
2.69980618667873
2.71207803298181
2.72434987928490
2.73662172558798
2.74889357189107
2.76116541819415
2.77343726449724
2.78570911080032
2.79798095710341
2.81025280340649
2.82252464970958
2.83479649601267
2.84706834231575
2.85934018861884
2.87161203492192
2.88388388122501
2.89615572752809
2.90842757383118
2.92069942013426
2.93297126643735
2.94524311274043
2.95751495904352
2.96978680534660
2.98205865164969
2.99433049795277
3.00660234425586
3.01887419055894
3.03114603686203
3.04341788316511
3.05568972946820
3.06796157577128
3.08023342207437
3.09250526837745
3.10477711468054
3.11704896098362
3.12932080728671
3.14159265358979
3.15386449989288
3.16613634619596
3.17840819249905
3.19068003880213
3.20295188510522
3.21522373140830
3.22749557771139
3.23976742401447
3.25203927031756
3.26431111662064
3.27658296292373
3.28885480922681
3.30112665552990
3.31339850183299
3.32567034813607
3.33794219443916
3.35021404074224
3.36248588704533
3.37475773334841
3.38702957965150
3.39930142595458
3.41157327225767
3.42384511856075
3.43611696486384
3.44838881116692
3.46066065747001
3.47293250377309
3.48520435007618
3.49747619637926
3.50974804268235
3.52201988898543
3.53429173528852
3.54656358159160
3.55883542789469
3.57110727419777
3.58337912050086
3.59565096680394
3.60792281310703
3.62019465941011
3.63246650571320
3.64473835201628
3.65701019831937
3.66928204462245
3.68155389092554
3.69382573722862
3.70609758353171
3.71836942983479
3.73064127613788
3.74291312244096
3.75518496874405
3.76745681504714
3.77972866135022
3.79200050765331
3.80427235395639
3.81654420025948
3.82881604656256
3.84108789286565
3.85335973916873
3.86563158547182
3.87790343177490
3.89017527807799
3.90244712438107
3.91471897068416
3.92699081698724
3.93926266329033
3.95153450959341
3.96380635589650
3.97607820219958
3.98835004850267
4.00062189480575
4.01289374110884
4.02516558741192
4.03743743371501
4.04970928001809
4.06198112632118
4.07425297262426
4.08652481892735
4.09879666523043
4.11106851153352
4.12334035783660
4.13561220413969
4.14788405044277
4.16015589674586
4.17242774304894
4.18469958935203
4.19697143565511
4.20924328195820
4.22151512826128
4.23378697456437
4.24605882086746
4.25833066717054
4.27060251347363
4.28287435977671
4.29514620607980
4.30741805238288
4.31968989868597
4.33196174498905
4.34423359129214
4.35650543759522
4.36877728389831
4.38104913020139
4.39332097650448
4.40559282280756
4.41786466911065
4.43013651541373
4.44240836171682
4.45468020801990
4.46695205432299
4.47922390062607
4.49149574692916
4.50376759323224
4.51603943953533
4.52831128583841
4.54058313214150
4.55285497844458
4.56512682474767
4.57739867105075
4.58967051735384
4.60194236365692
4.61421420996001
4.62648605626309
4.63875790256618
4.65102974886926
4.66330159517235
4.67557344147543
4.68784528777852
4.70011713408160
4.71238898038469
4.72466082668778
4.73693267299086
4.74920451929395
4.76147636559703
4.77374821190012
4.78602005820320
4.79829190450629
4.81056375080937
4.82283559711246
4.83510744341554
4.84737928971863
4.85965113602171
4.87192298232480
4.88419482862788
4.89646667493097
4.90873852123405
4.92101036753714
4.93328221384022
4.94555406014331
4.95782590644639
4.97009775274948
4.98236959905256
4.99464144535565
5.00691329165873
5.01918513796182
5.03145698426490
5.04372883056799
5.05600067687107
5.06827252317416
5.08054436947724
5.09281621578033
5.10508806208341
5.11735990838650
5.12963175468958
5.14190360099267
5.15417544729576
5.16644729359884
5.17871913990193
5.19099098620501
5.20326283250810
5.21553467881118
5.22780652511427
5.24007837141735
5.25235021772044
5.26462206402352
5.27689391032661
5.28916575662969
5.30143760293278
5.31370944923586
5.32598129553895
5.33825314184203
5.35052498814512
5.36279683444820
5.37506868075129
5.38734052705437
5.39961237335746
5.41188421966054
5.42415606596363
5.43642791226671
5.44869975856980
5.46097160487288
5.47324345117597
5.48551529747905
5.49778714378214
5.51005899008522
5.52233083638831
5.53460268269139
5.54687452899448
5.55914637529756
5.57141822160065
5.58369006790373
5.59596191420682
5.60823376050990
5.62050560681299
5.63277745311607
5.64504929941916
5.65732114572224
5.66959299202533
5.68186483832842
5.69413668463150
5.70640853093459
5.71868037723767
5.73095222354076
5.74322406984384
5.75549591614693
5.76776776245001
5.78003960875310
5.79231145505618
5.80458330135927
5.81685514766235
5.82912699396544
5.84139884026852
5.85367068657161
5.86594253287469
5.87821437917778
5.89048622548086
5.90275807178395
5.91502991808703
5.92730176439012
5.93957361069320
5.95184545699629
5.96411730329937
5.97638914960246
5.98866099590554
6.00093284220863
6.01320468851171
6.02547653481480
6.03774838111788
6.05002022742097
6.06229207372405
6.07456392002714
6.08683576633022
6.09910761263331
6.11137945893639
6.12365130523948
6.13592315154256
6.14819499784565
6.16046684414874
6.17273869045182
6.18501053675491
6.19728238305799
6.20955422936108
6.22182607566416
6.23409792196725
6.24636976827033
6.25864161457342
6.27091346087650