0
-0.183520275474205
-0.360914883158072
-0.513992564855487
-0.608145322195551
-0.599862389013254
-0.454595202566195
-0.168052724772135
0.218806225322422
0.619652638285397
0.921119546844992
1.01605318694848
0.841569253738701
0.408400014929971
-0.190584448047299
-0.798686213459948
-1.23755839016063
-1.36151555399511
-1.10684735254002
-0.519181425611189
0.251987630905381
0.992256071608466
1.48430832633916
1.57429637659039
1.22155886050349
0.515137677125016
-0.349314795966439
-1.12607794280868
-1.59231296548246
-1.61482986479182
-1.18979117743794
-0.442967165994598
0.409313398266181
1.12592241989387
1.51252947282550
1.47674699139788
1.05035109326271
0.373103821148272
-0.354877857590765
-0.935583049521983
-1.22997210605820
-1.19193886120123
-0.870745058607339
-0.384318167432641
0.124764236287035
0.534131993027877
0.772343942420700
0.827212877364014
0.732621206146708
0.542713494390549
0.306197725834340
0.0518822978400919
-0.209597418744599
-0.470954762839373
-0.709899814610196
-0.878927864797530
-0.911594152092035
-0.746082505640488
-0.358163478734125
0.210523081801699
0.843606634321382
1.36959976897676
1.60862648210935
1.43348841804894
0.824360635350089
-0.104491430504512
-1.12029358549873
-1.93036291332515
-2.26897769076477
-1.98597168989613
-1.10703759118092
0.157431823863493
1.46257663097792
2.42655588606950
2.74670302387049
2.29767524473492
1.17879546760868
-0.307090756189151
-1.73920217900140
-2.70362120471590
-2.91860533479228
-2.32072163982338
-1.08421132006498
0.432680768146462
1.79717497814463
2.63217551329688
2.72602477622037
2.08803998096957
0.934481243552076
-0.387451366301385
-1.51035234713759
-2.15504974560267
-2.20275849496427
-1.71123802621568
-0.875301243730205
0.0494397421656728
0.830134635212579
1.31878897913482
1.47507722038362
1.34856099542428
1.03444305720732
0.625483878579315
0.181317918177024
-0.273782272962305
-0.728025097189461
-1.14976070531436
-1.46627467763894
-1.56958372291240
-1.35252281892814
-0.763183683805443
0.145535791695030
1.19659082129073
2.11607069208377
2.60630031368243
2.44474406957892
1.57510280253725
0.155039682585474
-1.46342806432068
-2.82286089544676
-3.49568837731557
-3.22401735379671
-2.01671527057243
-0.167518571224168
1.81759689145572
3.36548219260922
4.00966418090609
3.53772848338011
2.06368286066563
-6.12075329538374e-13
-2.06368286066516
-3.53772848338067
-4.00966418090612
-3.36548219260858
-1.81759689145621
0.167518571225305
2.01671527057199
3.22401735379712
3.49568837731562
2.82286089544618
1.46342806432108
-0.155039682586358
-1.57510280253694
-2.44474406957879
-2.60630031368250
-2.11607069208396
-1.19659082129101
-0.145535791695306
0.763183683805202
1.35252281892804
1.56958372291239
1.46627467763901
1.14976070531446
0.728025097189572
0.273782272962416
-0.181317918176906
-0.625483878579573
-1.03444305720722
-1.34856099542441
-1.47507722038362
-1.31878897913464
-0.830134635212741
-0.0494397421651820
0.875301243729966
1.71123802621606
2.20275849496423
2.15504974560247
1.51035234713787
0.387451366300725
-0.934481243551728
-2.08803998097009
-2.72602477622029
-2.63217551329660
-1.79717497814493
-0.432680768145628
1.08421132006463
2.32072163982352
2.91860533479222
2.70362120471582
1.73920217900174
0.307090756188920
-1.17879546760829
-2.29767524473506
-2.74670302387047
-2.42655588606946
-1.46257663097832
-0.157431823863404
1.10703759118051
1.98597168989615
2.26897769076478
1.93036291332511
1.12029358549903
0.104491430504506
-0.824360635350417
-1.43348841804894
-1.60862648210933
-1.36959976897676
-0.843606634321139
-0.210523081801732
0.358163478734291
0.746082505640459
0.911594152092056
0.878927864797545
0.709899814610127
0.470954762839398
0.209597418744513
-0.0518822978400644
-0.306197725834411
-0.542713494390501
-0.732621206146740
-0.827212877364003
-0.772343942420668
-0.534131993027927
-0.124764236286912
0.384318167432543
0.870745058607431
1.19193886120119
1.22997210605818
0.935583049522121
0.354877857590685
-0.373103821148073
-1.05035109326279
-1.47674699139782
-1.51252947282548
-1.12592241989407
-0.409313398266137
0.442967165994317
1.18979117743798
1.61482986479174
1.59231296548244
1.12607794280892
0.349314795966462
-0.515137677125335
-1.22155886050348
-1.57429637659044
-1.48430832633917
-0.992256071608217
-0.251987630905402
0.519181425611405
1.10684735253999
1.36151555399513
1.23755839016066
0.798686213459781
0.190584448047355
-0.408400014930147
-0.841569253738668
-1.01605318694849
-0.921119546845034
-0.619652638285315
-0.218806225322487
0.168052724772220
0.454595202566152
0.599862389013267
0.608145322195570
0.513992564855463
0.360914883158113
0.183520275474180
4.80222480231275e-14
-0.183520275474226
-0.360914883158025
-0.513992564855502
-0.608145322195535
-0.599862389013239
-0.454595202566254
-0.168052724772101
0.218806225322267
0.619652638285413
0.921119546844912
1.01605318694847
0.841569253738829
0.408400014929972
-0.190584448047552
-0.798686213459940
-1.23755839016075
-1.36151555399510
-1.10684735253985
-0.519181425611225
0.251987630905633
0.992256071608405
1.48430832633926
1.57429637659040
1.22155886050331
0.515137677125094
-0.349314795966683
-1.12607794280857
-1.59231296548253
-1.61482986479185
-1.18979117743780
-0.442967165994745
0.409313398266379
1.12592241989377
1.51252947282555
1.47674699139795
1.05035109326264
0.373103821148462
-0.354877857590871
-0.935583049521871
-1.22997210605822
-1.19193886120129
-0.870745058607309
-0.384318167432815
0.124764236287073
0.534131993027774
0.772343942420686
0.827212877364031
0.732621206146698
0.542713494390623
0.306197725834338
0.0518822978399896
-0.209597418744599
-0.470954762839478
-0.709899814610195
-0.878927864797574
-0.911594152092060
-0.746082505640379
-0.358163478734161
0.210523081801901
0.843606634321323
1.36959976897689
1.60862648210934
1.43348841804881
0.824360635350155
-0.104491430504833
-1.12029358549853
-1.93036291332529
-2.26897769076475
-1.98597168989599
-1.10703759118111
0.157431823863810
1.46257663097774
2.42655588606966
2.74670302387051
2.29767524473484
1.17879546760908
-0.307090756189354
-1.73920217900108
-2.70362120471599
-2.91860533479233
-2.32072163982323
-1.08421132006534
0.432680768146071
1.79717497814427
2.63217551329673
2.72602477622044
2.08803998096984
0.934481243552403
-0.387451366301073
-1.51035234713812
-2.15504974560257
-2.20275849496413
-1.71123802621586
-0.875301243729689
0.0494397421653930
0.830134635212999
1.31878897913477
1.47507722038361
1.34856099542434
1.03444305720712
0.625483878579435
0.181317918176775
-0.273782272962194
-0.728025097189702
-1.14976070531427
-1.46627467763907
-1.56958372291238
-1.35252281892795
-0.763183683805623
0.145535791695582
1.19659082129046
2.11607069208418
2.60630031368239
2.44474406957863
1.57510280253756
0.155039682585811
-1.46342806432025
-2.82286089544645
-3.49568837731551
-3.22401735379691
-2.01671527057285
-0.167518571224700
1.81759689145524
3.36548219260893
4.00966418090608
3.53772848338033
2.06368286066613
7.59148642755329e-14
-2.06368286066614
-3.53772848338039
-4.00966418090607
-3.36548219260888
-1.81759689145521
0.167518571224773
2.01671527057291
3.22401735379699
3.49568837731549
2.82286089544651
1.46342806432026
-0.155039682585916
-1.57510280253759
-2.44474406957864
-2.60630031368240
-2.11607069208415
-1.19659082129042
-0.145535791695491
0.763183683805633
1.35252281892788
1.56958372291243
1.46627467763909
1.14976070531425
0.728025097189699
0.273782272962165
-0.181317918176771
-0.625483878579436
-1.03444305720716
-1.34856099542436
-1.47507722038364
-1.31878897913471
-0.830134635212903
-0.0494397421654182
0.875301243729707
1.71123802621587
2.20275849496434
2.15504974560255
1.51035234713734
0.387451366301020
-0.934481243552471
-2.08803998096982
-2.72602477622046
-2.63217551329674
-1.79717497814431
-0.432680768146040
1.08421132006539
2.32072163982325
2.91860533479233
2.70362120471596
1.73920217900101
0.307090756189352
-1.17879546760901
-2.29767524473481
-2.74670302387051
-2.42655588606965
-1.46257663097769
-0.157431823863784
1.10703759118114
1.98597168989600
2.26897769076478
1.93036291332529
1.12029358549847
0.104491430504811
-0.824360635350178
-1.43348841804883
-1.60862648210935
-1.36959976897688
-0.843606634321313
-0.210523081801881
0.358163478734223
0.746082505640397
0.911594152092030
0.878927864797579
0.709899814610191
0.470954762839466
0.209597418744582
-0.0518822978400068
-0.306197725834353
-0.542713494390627
-0.732621206146698
-0.827212877364024
-0.772343942420710
-0.534131993027720
-0.124764236287057
0.384318167432827
0.870745058607314
1.19193886120129
1.22997210605821
0.935583049521862
0.354877857590820
-0.373103821148476
-1.05035109326268
-1.47674699139794
-1.51252947282554
-1.12592241989375
-0.409313398266361
0.442967165994761
1.18979117743781
1.61482986479186
1.59231296548251
1.12607794280856
0.349314795966636
-0.515137677125139
-1.22155886050332
-1.57429637659040
-1.48430832633926
-0.992256071608394
-0.251987630905618
0.519181425611211
1.10684735253988
1.36151555399511
1.23755839016072
0.798686213459918
0.190584448047539
-0.408400014929986
-0.841569253738585
-1.01605318694848
-0.921119546844913
-0.619652638285416
-0.218806225322277
0.168052724772114
0.454595202566294
0.599862389013271
0.608145322195544
0.513992564855500
0.360914883158023
0.183520275474228