2.96333553227544
1.90396738060676
-3.70243862360986
-1.01409033781029
4.03139534215890
-0.219404050269160
-4.20419652120112
1.59272539959330
5.47003236201418
0.606394352936980
-1.45132427876707
3.17899169871249
5.13055392181661
2.47171734711058
0.176976224761242
-0.516708539177367
1.36678972461806
4.34282036307134
1.82536304043505
-2.80010437002735
1.82332110255790
9.45755073701747
5.43839426621273
-1.67687266787807
3.02782364226933
8.85906139004965
2.93625453719914
-2.83518009455677
1.10780503230395
3.83245816425370
0.698246240398502
0.658147414384312
3.50899673240950
2.92047131780131
2.35985499865023
4.43520562581499
3.38387962043047
-0.174126727503846
0.213477009001390
1.77520547504044
-0.641182276843477
-2.40250848982833
-0.0606960638901062
0.833794434259761
-1.39790542199290
-0.989449133146217
2.00639790123981
1.15651200287013
-2.79032128646536
-2.32287589385141
1.99629051800182
1.01727673265507
-5.32946893621693
-5.57139560291680
1.26544301216284
1.35455865551601
-6.81469409354600
-7.42278520080508
1.22371615256264
2.63296279901162
-4.50239661947546
-4.89810619227065
1.61621442175662
2.26244466464687
-2.54529079097561
-4.36361392697075
-3.67003095756492
-3.38754577006817
-3.14751212651579
-4.53181679672408
-6.06422903922513
-2.45461676154645
2.01076556635494
-0.371649443442052
-3.15489296219107
0.371918835349466
1.00425279560076
-5.18995532192125
-6.83426738229401
-3.30573017193986
-5.54218426147484
-9.28542386691891
-4.80735199395380
-0.284551403521935
-3.29818324052209
-4.53814357089180
-0.786786922150301
-1.25012789885309
-5.10058883300084
-5.60729326309870
-6.67787105515215
-9.72024919361972
-7.58306691677911
-4.26366843221651
-8.54156763551215
-11.2571483950267
-3.67299039966123
0.346018612281547
-7.70371791228470
-11.6007396771715
-3.73532523678138
-0.562959463435757
-8.58139181239398
-12.6551037283271
-6.86712951795233
-3.67353176783367
-8.64769864004595
-12.2001200329560
-8.58144725375846
-4.58531246143159
-5.87462261861014
-7.56020838616686
-4.69454481409104
-1.85719916568820
-3.55018788604659
-5.59136335103910
-5.04938903613398
-6.02310751614763
-9.02766399918930
-9.31260477846118
-7.31035083109794
-6.43982319809998
-5.31681255612725
-2.93396017723343
-1.44305393367906
-0.121348436062958
1.02450593312704
-2.12303651089910
-6.89580229305290
-5.75586720229076
-3.39621608596947
-8.09959204037300
-11.6626874452770
-5.27300532256594
0.783079154446846
-1.89645290640982
-4.04360238708371
-0.555545723394128
0.972326112510227
-1.53147186739429
-4.25758885249842
-7.32204371504246
-8.11115971766679
-3.90480669692334
-3.13509882357222
-9.10594781522222
-8.24579929181825
1.13140300596044
1.12021110488804
-7.73564715789731
-6.07846381139470
2.17984731525259
-1.28009480931511
-8.82352391836069
-4.95787270202959
-0.133921390089225
-5.51847046702740
-8.91109256060900
-3.59154394369585
-1.78464551998205
-6.19261662776394
-5.79920435515789
-0.489219321786020
0.794729512959037
-1.65076620156266
-2.23722144491539
-0.925580735597030
-0.414396124941756
-2.06705059652303
-5.31925366694707
-6.53549880697367
-3.62680805033503
-0.884392008395008
-1.95204814288676
-3.04227312673670
0.0582956487720949
4.21601699885573
3.51337710731598
-1.57389630756862
-3.90723386155927
-0.750913863276537
0.343296639757952
-5.03220319244141
-7.88374267721536
-2.20038377593583
2.41462495594958
-0.688301241880509
-2.98472258149519
0.502866218469394
2.36498799138190
-0.599341978951359
-3.23970159044146
-3.75757010293609
-3.58795917410908
-3.04893621810271
-3.85170534922794
-5.34896344074865
-3.20264497036372
-0.367550185640832
-3.10333304073715
-5.16878282056206
-0.393705111529782
0.649072447257352
-6.40544900457227
-6.57919610322844
1.47986667794987
-0.394965372668694
-9.70048525035896
-6.85555084800131
2.02810856495457
-1.62185885351006
-8.96690865224225
-4.58134391122716
1.67834751870879
-0.822189109210767
-3.39599248068803
-1.46139138854186
-1.20462922278515
-1.58939829242767
-0.194882338565276
-2.49700297574562
-6.41192120003031
-3.06634140409061
2.06882864166532
-1.08644297286873
-4.85178143003905
0.168230665964771
5.07904253195248
1.53828790503101
-2.46255034998115
-0.404156752187661
1.67072626286183
-0.765967424036195
-3.33466968188252
-2.14406942192764
0.332656884838190
0.324790264994658
-0.873117996276867
0.624235794396810
3.09136897131126
1.54440052633223
-1.53737111398577
-0.218316017249507
2.18612598808678
-0.541184986646898
-4.14766259813619
-2.01117337049404
1.99470856149215
1.16925637849623
-2.45458643251031
-2.38117686086977
2.10907792675152
4.17306005000849
-0.556620599279007
-4.44747564575696
0.520620580253729
5.57101649435649
0.104122986665530
-5.64682562603431
-0.157386827014941
5.15958702912477
0.0546595368533216
-3.51361625970919
1.51416005598923
3.89792239804399
1.15579503493428
2.18125674868306
4.13556719115951
1.53861989005731
1.59877699003931
5.21205087003332
2.50911807670453
-2.16228134110939
1.91633451379102
6.05761699624597
1.46988023780788
0.230773765965860
7.09457469449291
7.69554666012099
1.75235797569244
3.61146912416174
8.67131055691592
3.92731209385973
-1.95043207936572
2.38138003418179
6.74767109771373
2.33115971189098
-0.965830124656803
3.56953389118024
7.93425286941232
6.08675416104802
2.05607395944866
1.55690936186834
4.78874090029902
5.74812070102032
0.727623788395964
-3.15728018738021
0.902088136471140
5.39017210151847
1.90742592554127
-2.41550459278823
0.817637648053782
5.32354600600257
3.28288818597343
-0.834907969026753
-0.306737613642735
2.56681654184371
2.22666892730835
-0.788399578817854
-1.57935929082968
0.371002788522806
0.471320655913761
-1.60627266272459
-1.16911600580957
0.992214752224954
0.332126589363242
-0.534132495897468
2.07745329370784
3.31583136851058
0.626626314838038
-0.207659132082251
1.10629356198840
-0.616145396493191
-2.45904320990912
-1.05924145732114
-1.77692413141161
-3.54852771825150
1.29606112968258
5.80331556699039
0.377311982949145
-2.77341261338193
5.40993015829668
7.34811180518541
-4.44842184694845
-8.50067922559997
0.966300464641911
2.29810955325753
-6.91003763501546
-6.71977343134761
2.31678571119851
3.81955246724217
-0.576092182001749
-0.780668748293068
0.635615834925907
-0.407640210966229
-1.73370236342960
-3.87757069412864
-6.55402260682396
-5.22907937719563
-2.37990580749003
-3.98138587276174
-5.45769937503011
-1.94438174477101
-0.281371339423184
-3.42177982711479
-3.64264278799579
-0.747920917022112
-2.33522173294658
-5.92358932865064
-4.56146850813446
-2.13798764562030
-4.34386716611130
-7.15636154879427
-6.02054094072288
-3.44182876700588
-2.74001906215480
-3.66228223589077
-3.82971521775128
-1.20911860757599
2.04326490278560
1.14364617811942
-3.00986788239901
-4.31623452877846
-1.93528439658210
-1.69834309666952
-5.89770044840712
-8.51858199837218
-3.84863008847035
2.99254896687296
2.29078840695813
-2.45371557396784
0.896739410995015
8.09107557022184
4.02812576896536
-5.88119042069820
-4.67893890365594
1.32546774177280
-3.09087997057225
-8.48433110868136
-2.10306782253180
3.95386117660346
0.374930369947667
-0.261043363685632
5.48549352049710
4.52443635491983
-1.81529396107160
-1.76743183112425
0.443036321107229
-2.77890967895611
-4.89290482121016
-2.54717245654549
-1.82587411735766
-1.49564034496176
1.52411542208898
1.05074979932209
-2.51068732790825
0.180808030450420
4.66747114697467
0.140456483845404
-5.41680128876496
-1.15737795283527
3.30878555740084
-1.26383656867448
-5.58235755006021
-2.71613863356394
0.643112369347198
0.354358163498430
-0.828258047247577
-1.13026823412800
1.10342180873536
5.17658647188075
4.57129004178722
-0.915486590850215
-1.47248966527115
3.13709288710163
1.73440594219424
-4.65239776287681
-3.96528831426145
2.36901541252764
3.16405185718401
0.0717464328376220
2.24171889161294
6.94116060639440
5.61357687206938
0.871203790818686
0.906126828083739
3.36309059155027
0.279028797707667
-4.77871423244262
-2.09164898217626
4.05067081711641
2.25828541917708
-2.43660062519096
1.70672363893993
7.75005039400995
3.74095458753792
-2.49758953686343
-0.505719158332065
2.26787933887468
-0.783652065858951
-2.98528307652995
-2.07227672538992
-2.14595184675946
-0.660985921559105
2.40399653116278
-0.304401870149501
-4.55989997193198
0.0522735457457888
4.96842337827526
-1.33325190703146
-6.75275808503550
-0.569609509806333
3.38421606322901
-2.94270688847269
-5.91760416777827
-1.05734316648724
0.304285691229702
-2.59079925887804
-2.09652007908324
-0.198517135257956
-0.237216062362341
0.610491248486670
1.21275923191536
-0.555599998148492
-0.460971716104746
1.03518999510327
-1.64274135713503
-3.81921684145961
0.276891934341592
1.93347596934457
-3.02173841626212
-2.24893135615047
5.75026232416620
5.59237940767809
-2.24720115624947
-1.51380182126427
5.67554054279957
3.77051785952142
-4.21385122759076
-4.05601652845259
2.22656309113952
3.09693176889732
-1.01185139120281
-1.61212615020503
2.28584728596422
4.48594031408581
2.35174441770532
-0.328674016743720
-0.359381347233679
0.738336927898030
0.777374049069934
-0.347019924778524
-1.97479584523174
-1.96182189383673
1.11108606744667
2.67239542572177
-0.798968474254540
-2.41036987220077
2.19446426607464
3.65789742587864
-1.73337463798975
-2.48427547388368